Tcl_0: [0.003400, -0.999950, -0.009140, 0.031290, 
        0.009850, 0.009170, -0.999910, -0.008310, 
        0.999950, 0.003310, 0.009880, -0.012460, 
        0.000000, 0.000000, 0.000000, 1.000000]
cam_0: 
   image_width: 1600
   image_height: 1296
   k2: -0.013071
   k3: 0.030557
   k4: -0.080606
   k5: 0.060413
   k6: -0.020049
   k7: 0.000571
   p1: 0.000000
   p2: 0.000000
   A11: 738.700372
   A12: 0.401427
   A22: 738.124600
   u0: 776.411430
   v0: 654.900229
