Tcl_0: [0.000000, 0.000000, 0.000000, 0.000000, 
        0.000000, 0.000000, 0.000000, 0.000000, 
        0.000000, 0.000000, 0.000000, 0.000000, 
        0.000000, 0.000000, 0.000000, 1.000000]
cam_0: 
   image_width: 0
   image_height: 0
   k2: 0.000000
   k3: 0.000000
   k4: 0.000000
   k5: 0.000000
   k6: 0.000000
   k7: 0.000000
   p1: 0.000000
   p2: 0.000000
   A11: 0.000000
   A12: 0.000000
   A22: 0.000000
   u0: 0.000000
   v0: 0.000000
